  100 -0.0021906932790989233, -21.988840000000003, 95.58
  200 -0.001667295004517655, -21.718897000000005, 95.12
  300 -0.001828123545328708, -21.32160900000001, 94.32
  400 -0.0013675611278813448, -21.473158999999995, 94.62
  500 -0.0009821824029495475, -22.341029000000006, 96.28
  600 -0.0004782045639876742, -21.898819, 95.4
  700 -0.0005281532836670522, -21.844229000000006, 95.32
  800 -0.00020839874063824482, -21.646988999999998, 94.97
  900 -0.00021974116760247852, -21.573528999999994, 94.82
 1000 -0.0011459129921422573, -21.720899000000003, 95.09
 1100 -0.0010845810346654617, -21.926268, 95.54
 1200 -0.0018561451094865334, -22.083628000000008, 95.89
 1300 0.0007336376758212282, -22.377840000000006, 96.39
 1400 -0.003606419821808231, -21.911428999999995, 95.45
 1500 3.322476186440326e-05, -21.993989999999993, 95.56
 1600 2.4890787426556926e-05, -22.023769000000012, 95.77
 1700 -0.0011375424303514592, -22.071438000000004, 95.76
 1800 -0.001535238316428149, -21.288779999999996, 94.21
 1900 -0.0015792703565966804, -22.002470000000002, 95.64
 2000 -0.000693289684913907, -21.618469, 94.94
 2100 -0.002272081762057496, -21.76112900000001, 95.09
 2200 -0.0028730416124744806, -21.78165, 95.14
 2300 -0.002054236488929746, -22.022330000000007, 95.71
 2400 -0.0005192450785762048, -21.62623, 94.97
 2500 -0.0012635626279734425, -21.687959999999993, 95.04
 2600 -0.0011340499771176837, -21.69707, 95.07
 2700 -0.0020652957548736597, -21.883889, 95.49
 2800 -0.0003974009209923679, -21.763762900000007, 95.27
 2900 -0.0031043842400686117, -21.593460000000004, 94.81
 3000 -0.0007050253542365681, -21.785310000000013, 95.22
 3100 -0.0011690644193731714, -22.165799000000007, 96.0
 3200 -0.0012807232350496634, -21.291988999999994, 94.28
 3300 -0.0009767759114038199, -22.154039, 95.89
 3400 -0.0005899531874456443, -21.7970019, 95.3
 3500 -0.002244099593226565, -21.82064999999999, 95.35
 3600 -0.0014426192596874898, -21.954039999999996, 95.5
 3700 -0.0010143476591565558, -21.912509, 95.51
 3800 -0.0011028543232532685, -21.92117289999999, 95.5
 3900 -0.002649718098782614, -21.670318999999996, 94.99
 4000 -0.0012245857623383928, -22.047609, 95.74
 4100 -0.000533325446795061, -21.621867999999996, 94.9
 4200 -0.0013294771412620322, -21.737740000000002, 95.13
 4300 -0.00210139031347353, -21.746339999999996, 95.14
 4400 -0.000688898463267833, -21.509138000000007, 94.7
 4500 -0.002880433883983642, -21.799870000000006, 95.18
 4600 -0.001652560052170884, -22.13315, 95.88
 4700 -0.002160096943625831, -21.747138, 95.2
 4800 -0.002411271640739869, -21.825029000000015, 95.27
 4900 -0.0012318003281689017, -21.568460000000005, 94.75
 5000 -0.0020246883353138402, -21.774519, 95.14
 5100 -0.0009693701424021129, -21.692770000000014, 94.98
 5200 -0.0003551474336200044, -21.586728999999995, 94.85
 5300 -0.001903293896739342, -21.54451, 94.82
 5400 -0.000502310057345312, -21.738570000000003, 95.12
 5500 -0.0011753889475403412, -22.257050000000007, 96.14
 5600 -0.0028096252910108886, -21.68318999999999, 94.98
 5700 -0.0027587242133449764, -21.856910000000006, 95.37
 5800 -0.0013733808186952956, -21.815670000000004, 95.27
 5900 -0.0016288651908325847, -21.544610000000006, 94.77
 6000 -0.002397476611258753, -22.094918999999994, 95.87
 6100 -0.0019600718599758695, -21.88313, 95.43
 6200 -0.0024540776171488687, -21.327210000000004, 94.36
 6300 -0.0013777870140620507, -21.655409000000006, 95.01
 6400 -0.0019284268047340446, -21.54502, 94.77
 6500 -0.0029359503713203595, -21.80071900000001, 95.23
 6600 -0.002577020720927976, -21.730869999999996, 95.1
 6700 -0.0024064514359270106, -21.74783, 95.12
 6800 -0.001638166885386454, -22.005769, 95.78
 6900 -0.001632581803278299, -21.83780900000001, 95.32
 7000 -0.0010878112506179606, -21.553427290000013, 94.78
 7100 -0.0010630523181316676, -21.91258, 95.42
 7200 -0.002853507754771272, -22.242199000000006, 96.12
 7300 -0.0026950442818997546, -21.59179999999999, 94.81
 7400 -0.0021496810347161953, -21.993617000000004, 95.65
 7500 -0.0019628686623764224, -21.854100000000003, 95.27
 7600 -0.003049545757530723, -21.94745, 95.55
 7700 -0.0010060104151307313, -21.606780000000004, 94.87
 7800 -0.00375686181083438, -21.821360000000006, 95.27
 7900 -0.0029816890139773024, -22.069719000000006, 95.77
 8000 -0.002516247951425612, -22.018009000000003, 95.62
 8100 -0.0022282754973639383, -22.229223900000008, 96.1
 8200 -0.00016867768266820349, -21.716937999999995, 95.14
 8300 -0.004190275186410872, -21.537850000000013, 94.74
 8400 -0.002756585969327716, -21.838367999999992, 95.35
 8500 -0.0013511575054326386, -22.22670900000001, 96.08
 8600 -0.0014679554006579564, -21.787593899999994, 95.27
 8700 -0.00315032908518333, -21.312929999999998, 94.29
 8800 -0.0030467902665259317, -21.5907019, 94.87
 8900 -0.0034484661715396213, -21.846180000000007, 95.32
 9000 -0.00373238875647985, -21.78087, 95.19
 9100 -0.0030815757425443737, -21.69403, 95.0
 9200 -0.003385190623203016, -22.08606000000001, 95.75
 9300 -0.00368484231599723, -21.643218999999995, 94.89
 9400 -0.002459394433280977, -22.133269999999996, 95.9
 9500 -0.003617970845516538, -21.26376, 94.14
 9600 -0.0025065634172642603, -22.00740900000001, 95.6
 9700 -0.004422611881409466, -21.521698999999995, 94.68
 9800 -0.0005720679220394231, -21.800617000000003, 95.29
 9900 -0.0024290512451261748, -21.616219000000005, 94.86
10000 -0.0032102875408054387, -21.669530000000005, 95.0
10100 -0.0027199092131922954, -21.829078000000003, 95.24
10200 -0.001804735029636504, -21.998748000000006, 95.71
10300 -0.0015689770088647493, -22.36395, 96.39
10400 -0.0009105726287816651, -21.89279900000001, 95.47
10500 -0.00117100847819529, -21.541600000000003, 94.88
10600 -0.003148534981155535, -21.734099, 95.19
10700 -0.002471685031487141, -21.827108999999997, 95.29
10800 -0.0029334819862015136, -22.081429999999997, 95.83
10900 -0.0030421844547890943, -22.190539999999995, 96.02
11000 -0.0030933602730510755, -21.929479999999995, 95.47
11100 -0.0021677895644825183, -21.88265, 95.42
11200 -0.0030514423377462664, -21.6629729, 94.97
11300 -0.001334469851135509, -21.47069900000001, 94.62
11400 -0.003493678861996159, -21.89535800000001, 95.48
11500 -0.0012180306144364294, -21.62148, 94.91
11600 -0.0037248129246199822, -21.965559999999993, 95.59
11700 -0.003694331355545728, -22.009338, 95.68
11800 -0.0037943436388741245, -21.544589000000002, 94.76
11900 -0.0019162899775801634, -21.85545, 95.38
12000 -0.0015988125122748898, -21.58466900000001, 94.86
12100 -0.004627205328433775, -21.773389, 95.17
12200 -0.0022439274035241396, -21.801109, 95.25
12300 -0.0013562085704325, -22.106788000000005, 95.85
12400 -0.0036955672060139475, -21.89538900000001, 95.46
12500 -0.003627441748722049, -21.598330000000004, 94.87
12600 -0.002135131078757695, -21.762040000000006, 95.21
12700 -0.0013238165625807596, -21.8574729, 95.36
12800 -0.004297347147003166, -21.623003900000004, 94.95
12900 -0.0028911482653347777, -21.534860000000002, 94.73
13000 -0.0022146064131811725, -21.928109000000013, 95.55
13100 -0.0026100063311756115, -22.27709, 96.12
13200 -0.001835391109198099, -21.32013, 94.31
13300 -0.004249007870239439, -21.66717899999999, 95.04
13400 -0.002280472373495286, -21.864149999999995, 95.36
13500 -0.004145235935920937, -21.412108999999997, 94.53
13600 -0.0020731283104396423, -22.04508800000001, 95.74
13700 -0.0023565108834009154, -21.672140000000002, 95.02
13800 -0.004686029712829622, -21.696509000000002, 95.07
13900 -0.0028414309556819718, -21.780709000000005, 95.18
14000 -0.0037452154522907223, -22.09895999999999, 95.87
14100 -0.004079454253660515, -22.063670000000005, 95.74
14200 -0.0047261243160028246, -21.77647999999999, 95.12
14300 -0.006058107992812438, -22.232490000000002, 96.01
14400 -0.0018839305566143594, -21.801338999999995, 95.26
14500 -0.0018628313134104247, -21.619329000000004, 94.87
14600 -0.003729675733629847, -21.77904, 95.26
14700 -0.00449695290202726, -21.763560000000012, 95.13
14800 -0.004393307230784558, -21.639319000000004, 94.95
14900 -0.0033244682804797776, -22.008619000000003, 95.62
15000 -0.004327903471421451, -21.569159999999993, 94.75
15100 -0.0013382669340353459, -21.657729000000003, 94.93
15200 -0.004778676525456831, -21.718370000000004, 95.03
15300 -0.0032445950115288723, -21.165049999999997, 93.98
15400 -0.0029267460736446082, -21.773698999999997, 95.21
15500 -0.0022187604680948426, -21.8449709, 95.36
15600 -0.004093071239476558, -21.95266, 95.49
15700 -0.0020731569284544093, -22.13283700000001, 95.91
15800 -0.004246939999575261, -21.351079, 94.35
15900 -0.004083341947261942, -21.8328139, 95.35
16000 -0.0038348810910247264, -22.10306, 95.8
16100 -0.0012903680052841083, -21.621409000000007, 94.89
16200 -0.0032671028092954657, -21.817640000000004, 95.31
16300 -0.003248724547593156, -21.68971000000001, 95.06
16400 -0.0059569409397954584, -21.69737, 95.06
16500 -0.005091193153566565, -21.523429000000007, 94.71
16600 -0.0031967883321340194, -21.633920000000003, 94.98
16700 -0.003391718971870432, -21.555370000000007, 94.7
16800 -0.0039217343478230755, -21.509820000000005, 94.76
16900 -0.0028807257107109764, -21.601049999999997, 94.89
17000 -0.0014812603442987892, -21.500070000000008, 94.59
17100 -0.0027195569286413957, -22.08587000000001, 95.78
17200 -0.0019492705461016157, -21.779470000000007, 95.19
17300 -0.0044023810646467605, -21.766379999999998, 95.18
17400 -0.0055018015901441685, -21.708959999999998, 95.09
17500 -0.002712517279833264, -21.764029999999998, 95.25
17600 -0.004661026443791343, -21.551878000000002, 94.78
17700 -0.004562045457787462, -21.773047999999996, 95.19
17800 -0.0045596542117709755, -21.796298999999994, 95.23
17900 -0.00258871454934706, -21.63914, 94.89
18000 -0.003320666449462806, -22.346350000000008, 96.33
18100 -0.001801248356787255, -21.923478000000014, 95.51
18200 -0.003649471966236888, -21.486360000000005, 94.57
18300 -0.005944039458991028, -22.000550000000004, 95.63
18400 -0.005252858109452063, -21.38722, 94.49
18500 -0.0024068989118677564, -21.670058000000008, 95.07
18600 -0.0038381905724236276, -21.978959999999994, 95.59
18700 -0.005075774725009978, -21.701750000000008, 95.04
18800 -0.003846884548838716, -21.7466668, 95.26
